0 
0 
0 
0 
0 
0 
0 
0 
0 
0 
0 
0 
0 
0 
0 
0 
0 
0 
0 
0 
0 
0 
0 
0 
0 
0 
0 
0 
0 
0 
0 
0 
0 
0 
0 
0 
0 
2 
3 
0 
0 
0 
0 
0 
0 
0 
0 
0 
0 
0 
0 
0 
0 
0 
0 
0 
0 
0 
0 
0 
0 
0 
0 
0 
0 
0 
0 
0 
0 
0 
0 
0 
0 
0 
0 
-4564 
-2806 
3843 
265 
-4930 
-1589 
-2458 
1600 
7667 
-7989 
4931 
-4189 
-2436 
7944 
-4382 
7688 
8184 
551 
-388 
738 
1781 
-5135 
5113 
2036 
4514 
7307 
3539 
853 
5877 
-1905 
-2542 
5144 
-5990 
-5370 
7555 
-8145 
4469 
0 
0 
0 
0 
0 
0 
0 
0 
0 
0 
0 
0 
0 
0 
0 
0 
0 
0 
0 
0 
0 
0 
0 
0 
0 
0 
0 
0 
0 
0 
0 
0 
0 
0 
0 
0 
0 
